x,y,myfun
412788.031068286,413252.473289448,0.166512059369202
412788.031068286,413252.473289448,0.982242990654206
412788.031068286,413252.473289448,1
412788.031068286,413252.473289448,1
412788.031068286,413252.473289448,0.983169705469846
412788.031068286,413252.473289448,0.998609179415855
412788.031068286,413252.473289448,1
412788.031068286,413252.473289448,1
412788.031068286,413252.473289448,0.996754751970329
412788.031068286,413252.473289448,0.825700934579439
412788.031068286,413252.473289448,0.998146431881372
412788.031068286,413252.473289448,1
412788.031068286,413252.473289448,1
412788.031068286,413252.473289448,1
412788.031068286,413252.473289448,1
412788.031068286,413252.473289448,0.585422469823584
412788.031068286,413252.473289448,0.12152133580705
412788.031068286,413252.473289448,0.517757009345794
412788.031068286,413252.473289448,0.249768303985171
412788.031068286,413252.473289448,0.467787114845938
412788.031068286,413252.473289448,0.0213358070500928
412788.031068286,413252.473289448,0.0018578727357176
412788.031068286,413252.473289448,0.0601398601398601
412788.031068286,413252.473289448,0
412788.031068286,413252.473289448,0
412788.031068286,413252.473289448,0.261232051875868
412788.031068286,413252.473289448,0
412788.031068286,413252.473289448,0
412788.031068286,413252.473289448,0.0293023255813954
412788.031068286,413252.473289448,0.00186133085155886
412788.031068286,413252.473289448,0.00139146567717996
412788.031068286,413252.473289448,0
412788.031068286,413252.473289448,0.000463177396943029
412788.031068286,413252.473289448,0
412788.031068286,413252.473289448,0.016211208893006
412788.031068286,413252.473289448,0
412788.031068286,413252.473289448,0
412788.031068286,413252.473289448,0.109864422627396
412788.031068286,413252.473289448,0.000925497454881999
412788.031068286,413252.473289448,0
412788.031068286,413252.473289448,0
412788.031068286,413252.473289448,0
412788.031068286,413252.473289448,0.0272769301895516
412788.031068286,413252.473289448,0.754796443612541
412788.031068286,413252.473289448,0.141404805914972
412788.031068286,413252.473289448,0.253158633598503
412788.031068286,413252.473289448,0.536044362292052
412788.031068286,413252.473289448,1
412788.031068286,413252.473289448,1
412788.031068286,413252.473289448,1
412788.031068286,413252.473289448,1
412788.031068286,413252.473289448,0.486448598130841
412788.031068286,413252.473289448,0.0485436893203884
412788.031068286,413252.473289448,0.71214953271028
412788.031068286,413252.473289448,0.838187702265372
412788.031068286,413252.473289448,0.810747663551402
412788.031068286,413252.473289448,0.333951762523191
412788.031068286,413252.473289448,0
412788.031068286,413252.473289448,0.0470423847228691
412788.031068286,413252.473289448,0
412788.031068286,413252.473289448,0.0762038335670874
412788.031068286,413252.473289448,0.023084025854109
412788.031068286,413252.473289448,0
412788.031068286,413252.473289448,0.0364896073903002
412788.031068286,413252.473289448,0.146728971962617
412788.031068286,413252.473289448,0.037639405204461
412788.031068286,413252.473289448,0.619423791821561
412788.031068286,413252.473289448,0.427970065481759
412788.031068286,413252.473289448,0
412788.031068286,413252.473289448,0
412788.031068286,413252.473289448,0.049537037037037
412788.031068286,413252.473289448,0.00465983224603914
412788.031068286,413252.473289448,0.0743685687558466
412788.031068286,413252.473289448,0
412788.031068286,413252.473289448,0
412788.031068286,413252.473289448,0
412788.031068286,413252.473289448,0
412788.031068286,413252.473289448,0
412788.031068286,413252.473289448,0
412788.031068286,413252.473289448,0
412788.031068286,413252.473289448,0
412788.031068286,413252.473289448,0
412788.031068286,413252.473289448,0
412788.031068286,413252.473289448,0
412788.031068286,413252.473289448,0
412788.031068286,413252.473289448,0.194574368568756
412788.031068286,413252.473289448,0.443778801843318
412788.031068286,413252.473289448,0.34563288183092
412788.031068286,413252.473289448,0.0589611605053814
412788.031068286,413252.473289448,0.0459981600735971
412788.031068286,413252.473289448,0
412788.031068286,413252.473289448,0
412788.031068286,413252.473289448,0
412788.031068286,413252.473289448,0
412788.031068286,413252.473289448,0.0378858746492049
412788.031068286,413252.473289448,0.307126436781609
412788.031068286,413252.473289448,0.0294392523364486
412788.031068286,413252.473289448,0
412788.031068286,413252.473289448,0
412788.031068286,413252.473289448,0.000465766185374942
